1 0.726906
2 0.84883
3 0.668111
4 0.722501
5 0.765574
6 0.549915
7 0.798385
8 0.786442
9 0.805458
10 0.607194
11 0.789901
12 0.731899
13 0.761011
14 0.610702
15 0.557113
16 0.831366
17 0.649603
18 0.766982
19 0.700274
20 0.788324
21 0.702539
22 0.75364
23 0.789923
24 0.744438
25 0.750771
26 0.753736
27 0.787591
28 0.770327
29 0.806609
30 0.766982
31 0.789642
32 0.760511
33 0.711026
34 0.789698
35 0.743847
36 0.786787
37 0.857748
38 0.74055
39 0.798619
40 0.75282
41 0.786619
42 0.668126
43 0.719544
44 0.720906
45 0.770338
46 0.743494
47 0.815174
48 0.780223
49 0.804634
50 0.687001
51 0.791656
52 0.789462
53 0.865758
54 0.755614
55 0.793363
56 0.743865
57 0.676139
58 0.706159
59 0.690061
60 0.793443
61 0.756099
62 0.732898
63 0.72125
64 0.748097
65 0.725241
66 0.639483
67 0.599266
68 0.757521
69 0.791314
70 0.780145
71 0.803306
72 0.753874
73 0.759664
74 0.687889
75 0.686285
76 0.623444
77 0.733086
78 0.602803
79 0.77652
80 0.802284
81 0.791294
82 0.631541
83 0.773284
84 0.718192
85 0.705922
86 0.656672
87 0.783562
88 0.788166
89 0.704991
90 0.809641
91 0.721561
92 0.690326
93 0.808478
94 0.793045
95 0.718688
96 0.836417
97 0.759162
98 0.757528
99 0.777682
100 0.788061
101 0.737233
102 0.74953
103 0.620384
104 0.662182
105 0.841596
106 0.818761
107 0.818691
108 0.828749
109 0.803848
110 0.623738
111 0.830045
112 0.712365
113 0.77315
114 0.65858
115 0.831986
116 0.812977
117 0.858583
118 0.765141
119 0.771867
120 0.656464
121 0.849003
122 0.793977
123 0.755244
124 0.664961
125 0.778769
126 0.747347
127 0.777787
128 0.819576
129 0.717534
130 0.614993
131 0.788593
132 0.706619
133 0.844457
134 0.809898
135 0.736128
136 0.659358
137 0.786133
138 0.766677
139 0.795052
140 0.851779
141 0.716012
142 0.658325
143 0.793362
