1 0.689126
2 0.754038
3 0.722646
4 0.777141
5 0.733129
6 0.715745
7 0.745652
8 0.758732
9 0.709359
10 0.740617
11 0.657806
12 0.761417
13 0.677565
14 0.676062
15 0.695932
16 0.658083
17 0.594875
18 0.666333
19 0.749791
20 0.709047
21 0.709884
22 0.709602
23 0.752794
24 0.807787
25 0.794019
26 0.753954
27 0.765685
28 0.638365
29 0.717111
30 0.681188
31 0.688009
32 0.696565
33 0.714823
34 0.684482
35 0.736539
36 0.739034
37 0.742424
38 0.689071
39 0.713091
40 0.725404
41 0.709492
42 0.697106
43 0.733052
44 0.645881
45 0.762833
46 0.70403
47 0.72773
48 0.724352
49 0.756247
50 0.681942
51 0.709078
52 0.755206
53 0.755611
54 0.712921
55 0.667941
56 0.719186
57 0.68397
58 0.703435
59 0.715762
60 0.687241
61 0.686908
62 0.774212
63 0.731984
64 0.719797
65 0.722137
66 0.611356
67 0.654865
68 0.732148
69 0.673132
70 0.697685
71 0.697381
72 0.733992
73 0.679365
74 0.671348
75 0.627286
76 0.654759
77 0.671272
78 0.694589
79 0.702348
80 0.628664
81 0.625465
82 0.639318
83 0.71926
84 0.674523
85 0.677484
86 0.693653
87 0.708342
88 0.742778
89 0.765356
90 0.741951
91 0.702217
92 0.657557
93 0.760613
94 0.696842
95 0.699356
96 0.674561
97 0.730808
98 0.655547
99 0.720519
100 0.704553
101 0.69806
102 0.74455
103 0.725264
104 0.67365
105 0.638491
106 0.671538
107 0.758884
108 0.638521
109 0.695227
110 0.725997
111 0.736836
112 0.738087
113 0.704408
114 0.75052
115 0.731267
116 0.578239
117 0.625199
118 0.697047
119 0.706914
120 0.677213
121 0.770692
122 0.681347
123 0.677578
124 0.669146
125 0.673793
126 0.702142
127 0.704269
128 0.643565
129 0.68559
130 0.729373
131 0.705137
132 0.683268
133 0.715133
134 0.715954
135 0.721987
136 0.717689
137 0.701718
138 0.636382
139 0.668073
140 0.638069
141 0.670048
142 0.636315
143 0.713637
144 0.722346
145 0.642565
146 0.753563
147 0.688565
148 0.676107
149 0.644472
150 0.731565
151 0.663517
152 0.711571
153 0.673779
154 0.732543
155 0.725678
156 0.637087
157 0.712677
158 0.754347
159 0.7081
160 0.73482
161 0.608599
162 0.782323
163 0.719597
164 0.713701
165 0.666606
166 0.753599
167 0.765413
168 0.634936
169 0.653842
170 0.659579
171 0.723381
172 0.748051
173 0.728133
174 0.733386
175 0.717755
176 0.721444
177 0.675102
178 0.635728
179 0.685785
180 0.731326
181 0.72379
182 0.712542
183 0.709812
184 0.647784
185 0.679076
186 0.670992
187 0.649179
188 0.643146
189 0.664394
190 0.641668
191 0.685151
192 0.671183
193 0.681696
194 0.685317
195 0.679459
196 0.770927
197 0.729823
198 0.702641
199 0.683206
200 0.685352
201 0.732255
202 0.717617
203 0.742074
204 0.707973
205 0.717152
206 0.653806
207 0.723796
