1 0.687728
2 0.714332
3 0.689115
4 0.755
5 0.759021
6 0.752763
7 0.761176
8 0.769088
9 0.720662
10 0.718404
11 0.645779
12 0.774774
13 0.690565
14 0.679046
15 0.667175
16 0.645494
17 0.588661
18 0.615684
19 0.694023
20 0.730448
21 0.788131
22 0.682206
23 0.765613
24 0.754792
25 0.76375
26 0.694198
27 0.763902
28 0.665741
29 0.703069
30 0.680217
31 0.737782
32 0.673435
33 0.763856
34 0.637443
35 0.779714
36 0.749732
37 0.792088
38 0.723228
39 0.758769
40 0.736486
41 0.722872
42 0.736003
43 0.749403
44 0.640316
45 0.817865
46 0.713179
47 0.754987
48 0.773166
49 0.741474
50 0.714531
51 0.696921
52 0.725694
53 0.730909
54 0.667896
55 0.68306
56 0.763256
57 0.723082
58 0.73607
59 0.720845
60 0.692057
61 0.702121
62 0.798149
63 0.749074
64 0.731553
65 0.785692
66 0.620671
67 0.646496
68 0.765517
69 0.672645
70 0.721343
71 0.722429
72 0.699837
73 0.666128
74 0.682388
75 0.639927
76 0.661922
77 0.639158
78 0.665613
79 0.638035
80 0.58868
81 0.632797
82 0.596542
83 0.731013
84 0.68891
85 0.623099
86 0.70287
87 0.694821
88 0.783712
89 0.737651
90 0.722097
91 0.720741
92 0.680762
93 0.798845
94 0.642184
95 0.662737
96 0.710069
97 0.703314
98 0.635148
99 0.677704
100 0.724536
101 0.714719
102 0.727888
103 0.761615
104 0.715531
105 0.616657
106 0.678557
107 0.712912
108 0.645962
109 0.674951
110 0.699391
111 0.653427
112 0.704505
113 0.736174
114 0.740664
115 0.771389
116 0.581611
117 0.610449
118 0.721307
119 0.706396
120 0.680731
121 0.715558
122 0.69198
123 0.657319
124 0.683382
125 0.678336
126 0.714719
127 0.735932
128 0.635352
129 0.656489
130 0.751484
131 0.696818
132 0.657546
133 0.676046
134 0.732821
135 0.742826
136 0.648839
137 0.706206
138 0.644137
139 0.691239
140 0.643208
141 0.687692
142 0.648915
143 0.740993
144 0.784332
145 0.621668
146 0.760971
147 0.717677
148 0.709616
149 0.667221
150 0.725588
151 0.6333
152 0.720982
153 0.658802
154 0.741768
155 0.736067
156 0.631848
157 0.739603
158 0.781613
159 0.699817
160 0.728876
161 0.605592
162 0.721334
163 0.729116
164 0.782068
165 0.707361
166 0.767003
167 0.695545
168 0.616577
169 0.645708
170 0.633114
171 0.769704
172 0.735557
173 0.696969
174 0.701301
175 0.681547
176 0.683494
177 0.643897
178 0.637554
179 0.634236
180 0.736774
181 0.790461
182 0.726615
183 0.670096
184 0.657525
185 0.679319
186 0.678057
187 0.657798
188 0.622553
189 0.670642
190 0.661361
191 0.642428
192 0.654291
193 0.688769
194 0.642601
195 0.73109
196 0.76007
197 0.748142
198 0.74357
199 0.643777
200 0.706064
201 0.721607
202 0.728349
203 0.672042
204 0.736764
205 0.728122
206 0.660648
207 0.677956
