1 0.718588
2 0.733018
3 0.734349
4 0.800265
5 0.755923
6 0.745973
7 0.762633
8 0.76861
9 0.711813
10 0.743202
11 0.661595
12 0.75621
13 0.714535
14 0.698622
15 0.67905
16 0.668428
17 0.58973
18 0.649706
19 0.689279
20 0.759759
21 0.745042
22 0.69684
23 0.701617
24 0.768017
25 0.738089
26 0.707153
27 0.769508
28 0.659054
29 0.69974
30 0.691498
31 0.733208
32 0.689435
33 0.777348
34 0.693949
35 0.755826
36 0.768906
37 0.743063
38 0.708868
39 0.738626
40 0.733011
41 0.714406
42 0.733073
43 0.716999
44 0.660047
45 0.833568
46 0.720221
47 0.763784
48 0.770768
49 0.737396
50 0.717433
51 0.726754
52 0.773489
53 0.732562
54 0.739336
55 0.681857
56 0.745938
57 0.721236
58 0.719245
59 0.712419
60 0.707399
61 0.712086
62 0.800771
63 0.76332
64 0.734071
65 0.769719
66 0.632774
67 0.646943
68 0.743696
69 0.694987
70 0.710882
71 0.741059
72 0.6828
73 0.683301
74 0.687516
75 0.635812
76 0.669362
77 0.684221
78 0.681648
79 0.693802
80 0.609299
81 0.623168
82 0.629526
83 0.77307
84 0.698402
85 0.634962
86 0.711225
87 0.689534
88 0.767697
89 0.775796
90 0.736243
91 0.73143
92 0.683797
93 0.739158
94 0.741133
95 0.68702
96 0.695857
97 0.727962
98 0.655771
99 0.679858
100 0.725545
101 0.708314
102 0.741577
103 0.749157
104 0.694602
105 0.625343
106 0.694665
107 0.735126
108 0.65505
109 0.694853
110 0.719535
111 0.713273
112 0.702793
113 0.708348
114 0.735097
115 0.772026
116 0.573877
117 0.620783
118 0.701519
119 0.691747
120 0.691424
121 0.721152
122 0.717276
123 0.67589
124 0.68162
125 0.68344
126 0.716972
127 0.724254
128 0.658578
129 0.642528
130 0.749827
131 0.676185
132 0.672872
133 0.703909
134 0.733066
135 0.764119
136 0.692675
137 0.741314
138 0.668669
139 0.709527
140 0.667975
141 0.679496
142 0.657113
143 0.723405
144 0.766395
145 0.636391
146 0.741445
147 0.70998
148 0.690735
149 0.682247
150 0.746034
151 0.65183
152 0.758375
153 0.677667
154 0.735257
155 0.752386
156 0.634737
157 0.734545
158 0.767303
159 0.725377
160 0.737716
161 0.624814
162 0.790975
163 0.741753
164 0.774
165 0.691137
166 0.786883
167 0.703444
168 0.631899
169 0.665633
170 0.646194
171 0.727029
172 0.71776
173 0.711558
174 0.718808
175 0.698802
176 0.718633
177 0.668423
178 0.636083
179 0.668803
180 0.740846
181 0.777474
182 0.748523
183 0.691925
184 0.660728
185 0.703118
186 0.674829
187 0.669544
188 0.628126
189 0.671475
190 0.651759
191 0.678772
192 0.651751
193 0.693137
194 0.674228
195 0.74071
196 0.756346
197 0.738724
198 0.735842
199 0.665407
200 0.691426
201 0.723464
202 0.729085
203 0.758862
204 0.723325
205 0.71494
206 0.667267
207 0.717496
