1 0.659066
2 0.668496
3 0.665945
4 0.694662
5 0.740586
6 0.739339
7 0.729475
8 0.744033
9 0.732287
10 0.680705
11 0.632657
12 0.757342
13 0.657435
14 0.629685
15 0.659645
16 0.594418
17 0.577702
18 0.610023
19 0.683128
20 0.730578
21 0.721825
22 0.667327
23 0.684067
24 0.717353
25 0.740664
26 0.656419
27 0.709087
28 0.62359
29 0.700421
30 0.621084
31 0.66514
32 0.649412
33 0.722316
34 0.597964
35 0.728673
36 0.72612
37 0.707224
38 0.713782
39 0.745658
40 0.708414
41 0.746588
42 0.736507
43 0.695743
44 0.589073
45 0.807892
46 0.699334
47 0.722706
48 0.735129
49 0.710374
50 0.691046
51 0.639113
52 0.666754
53 0.677202
54 0.662026
55 0.6763
56 0.752654
57 0.708725
58 0.706172
59 0.710023
60 0.668325
61 0.695333
62 0.744088
63 0.689337
64 0.680312
65 0.8104
66 0.615013
67 0.589504
68 0.720904
69 0.676432
70 0.653208
71 0.728762
72 0.660268
73 0.628837
74 0.692764
75 0.590225
76 0.631838
77 0.681955
78 0.616643
79 0.622306
80 0.57334
81 0.591538
82 0.574489
83 0.6845
84 0.68481
85 0.603714
86 0.666893
87 0.663871
88 0.7285
89 0.714605
90 0.683731
91 0.640667
92 0.661906
93 0.739814
94 0.631907
95 0.608412
96 0.715841
97 0.688936
98 0.591223
99 0.643288
100 0.716682
101 0.652433
102 0.67947
103 0.749536
104 0.698034
105 0.604072
106 0.637084
107 0.708882
108 0.631999
109 0.648268
110 0.690878
111 0.642
112 0.652238
113 0.66502
114 0.765019
115 0.725461
116 0.568819
117 0.593572
118 0.671688
119 0.684622
120 0.606946
121 0.690114
122 0.631579
123 0.642503
124 0.655242
125 0.640893
126 0.680163
127 0.679159
128 0.6163
129 0.610882
130 0.690591
131 0.643754
132 0.613469
133 0.679135
134 0.73634
135 0.763588
136 0.650534
137 0.662305
138 0.632873
139 0.72043
140 0.596538
141 0.667735
142 0.63706
143 0.715232
144 0.789651
145 0.620806
146 0.769351
147 0.709836
148 0.709551
149 0.678327
150 0.73889
151 0.627305
152 0.657895
153 0.655314
154 0.727655
155 0.699038
156 0.615989
157 0.763331
158 0.752659
159 0.671831
160 0.700852
161 0.572009
162 0.716537
163 0.68801
164 0.762692
165 0.655533
166 0.749504
167 0.68303
168 0.634503
169 0.60794
170 0.600491
171 0.743178
172 0.690923
173 0.628114
174 0.631982
175 0.608684
176 0.631985
177 0.680689
178 0.582105
179 0.639106
180 0.685955
181 0.775803
182 0.677415
183 0.658008
184 0.615875
185 0.663856
186 0.664537
187 0.645085
188 0.660308
189 0.664821
190 0.647275
191 0.629921
192 0.631225
193 0.627695
194 0.622111
195 0.660741
196 0.727013
197 0.713211
198 0.706762
199 0.614821
200 0.712249
201 0.684976
202 0.709683
203 0.728432
204 0.655663
205 0.704313
206 0.676534
207 0.641739
