1 0.744998
2 0.788237
3 0.660307
4 0.77697
5 0.738517
6 0.816799
7 0.748577
8 0.773478
9 0.774506
10 0.772225
11 0.665321
12 0.782219
13 0.724717
14 0.72523
15 0.694239
16 0.615234
17 0.685116
18 0.656856
19 0.781894
20 0.766401
21 0.681587
22 0.72446
23 0.707719
24 0.780455
25 0.752227
26 0.689854
27 0.74192
28 0.667903
29 0.648098
30 0.707182
31 0.726858
32 0.71219
33 0.725796
34 0.587424
35 0.736484
36 0.732155
37 0.747567
38 0.579448
39 0.739945
40 0.742609
41 0.794945
42 0.715288
43 0.800361
44 0.665841
45 0.793883
46 0.769764
47 0.76036
48 0.7474
49 0.727249
50 0.652924
51 0.705205
52 0.705434
53 0.59468
54 0.71781
55 0.716242
56 0.766871
57 0.756682
58 0.704968
59 0.732744
60 0.734077
61 0.77455
62 0.739759
63 0.750358
64 0.756182
65 0.770793
66 0.786815
67 0.639008
68 0.756921
69 0.665425
70 0.732877
71 0.764544
72 0.676814
73 0.662569
74 0.807438
75 0.680016
76 0.675827
77 0.797431
78 0.688885
79 0.710363
80 0.671008
81 0.606681
82 0.646597
83 0.768569
84 0.715815
85 0.722909
86 0.728957
87 0.634238
88 0.692119
89 0.665621
90 0.744197
91 0.658276
92 0.779779
93 0.786707
94 0.758641
95 0.660891
96 0.741176
97 0.735446
98 0.648472
99 0.674287
100 0.64771
101 0.709577
102 0.687154
103 0.740481
104 0.737263
105 0.706176
106 0.645227
107 0.779583
108 0.679413
109 0.658873
110 0.823875
111 0.75365
112 0.760128
113 0.694437
114 0.650477
115 0.806331
116 0.666579
117 0.706274
118 0.618822
119 0.609446
120 0.583985
121 0.798567
122 0.717749
123 0.666374
124 0.624071
125 0.67245
126 0.668086
127 0.626681
128 0.678065
129 0.771419
130 0.739955
131 0.662152
132 0.707427
133 0.77076
134 0.784989
135 0.759883
136 0.74709
137 0.772506
138 0.722901
139 0.800507
140 0.71127
141 0.712419
142 0.788142
143 0.761269
144 0.789315
145 0.723687
146 0.695034
147 0.654176
148 0.660315
149 0.781206
150 0.808554
151 0.693162
152 0.685155
153 0.625131
154 0.685819
155 0.708311
156 0.655544
157 0.809998
158 0.733762
159 0.641712
160 0.71589
161 0.649318
162 0.78238
163 0.75225
164 0.815339
165 0.710222
166 0.817285
167 0.752858
168 0.769785
169 0.737807
170 0.620939
171 0.681993
172 0.757387
173 0.689452
174 0.697672
175 0.653047
176 0.680928
177 0.722669
178 0.674089
179 0.678385
180 0.746228
181 0.799119
182 0.710095
183 0.753644
184 0.616193
185 0.702889
186 0.67346
187 0.695421
188 0.621259
189 0.680624
190 0.747253
191 0.706387
192 0.676377
193 0.747581
194 0.725013
195 0.645713
196 0.777218
197 0.747007
198 0.743666
199 0.619793
200 0.813737
201 0.74421
202 0.719848
203 0.827362
204 0.777375
205 0.752432
206 0.779624
207 0.787516
