1 0.818145
2 0.812416
3 0.727407
4 0.827056
5 0.739681
6 0.784381
7 0.746453
8 0.803379
9 0.723414
10 0.725572
11 0.697165
12 0.83959
13 0.793209
14 0.793057
15 0.747698
16 0.730304
17 0.735033
18 0.726687
19 0.91206
20 0.82191
21 0.695468
22 0.783626
23 0.75458
24 0.831407
25 0.779613
26 0.814059
27 0.778665
28 0.766512
29 0.710244
30 0.83072
31 0.829445
32 0.782285
33 0.745279
34 0.62629
35 0.684764
36 0.688929
37 0.713429
38 0.615565
39 0.715972
40 0.815916
41 0.817634
42 0.714419
43 0.815812
44 0.7471
45 0.79972
46 0.797169
47 0.757354
48 0.774428
49 0.748995
50 0.649957
51 0.820089
52 0.810883
53 0.674838
54 0.758155
55 0.65649
56 0.748632
57 0.736146
58 0.684989
59 0.728409
60 0.691289
61 0.732056
62 0.768125
63 0.744401
64 0.764602
65 0.719152
66 0.789299
67 0.684242
68 0.766699
69 0.715365
70 0.72344
71 0.756712
72 0.797427
73 0.730615
74 0.744505
75 0.7347
76 0.69152
77 0.842739
78 0.794068
79 0.768499
80 0.715548
81 0.705874
82 0.749209
83 0.795524
84 0.750652
85 0.751607
86 0.77519
87 0.703708
88 0.756591
89 0.777441
90 0.795852
91 0.739392
92 0.743146
93 0.78793
94 0.802837
95 0.768805
96 0.7029
97 0.778984
98 0.669576
99 0.750696
100 0.651704
101 0.712583
102 0.761607
103 0.701952
104 0.724351
105 0.742925
106 0.678225
107 0.824959
108 0.636886
109 0.751472
110 0.800174
111 0.796606
112 0.802552
113 0.713011
114 0.667322
115 0.857157
116 0.616256
117 0.63662
118 0.676118
119 0.660334
120 0.67088
121 0.855636
122 0.820955
123 0.746294
124 0.675688
125 0.644623
126 0.661069
127 0.657121
128 0.764945
129 0.76762
130 0.846626
131 0.677834
132 0.73481
133 0.790271
134 0.757534
135 0.739075
136 0.787443
137 0.781512
138 0.728533
139 0.758843
140 0.726599
141 0.712163
142 0.750375
143 0.782596
144 0.734793
145 0.752884
146 0.704488
147 0.665119
148 0.682667
149 0.705741
150 0.768915
151 0.757601
152 0.745099
153 0.680806
154 0.683181
155 0.646782
156 0.699248
157 0.756586
158 0.721429
159 0.678476
160 0.677197
161 0.66887
162 0.823352
163 0.775146
164 0.742839
165 0.706674
166 0.821379
167 0.802281
168 0.740638
169 0.741893
170 0.69899
171 0.671908
172 0.765475
173 0.766995
174 0.801604
175 0.774386
176 0.827724
177 0.742336
178 0.752507
179 0.750366
180 0.76301
181 0.734342
182 0.750415
183 0.78394
184 0.677148
185 0.693044
186 0.683575
187 0.73523
188 0.637709
189 0.683975
190 0.671292
191 0.791225
192 0.73543
193 0.76395
194 0.745551
195 0.672343
196 0.837814
197 0.758914
198 0.736483
199 0.646342
200 0.77775
201 0.813979
202 0.720239
203 0.813938
204 0.801134
205 0.791161
206 0.730247
207 0.771777
