1 0.729535
2 0.835581
3 0.710779
4 0.838037
5 0.753653
6 0.775566
7 0.812232
8 0.809612
9 0.733883
10 0.732892
11 0.735633
12 0.898058
13 0.752675
14 0.787264
15 0.723162
16 0.678387
17 0.653447
18 0.684454
19 0.81113
20 0.784396
21 0.709808
22 0.760008
23 0.785824
24 0.87781
25 0.798347
26 0.788786
27 0.78027
28 0.678662
29 0.725968
30 0.771639
31 0.773645
32 0.73762
33 0.806179
34 0.743056
35 0.753895
36 0.745037
37 0.789665
38 0.667488
39 0.803122
40 0.821924
41 0.808597
42 0.738803
43 0.80869
44 0.710856
45 0.795364
46 0.855284
47 0.868671
48 0.837909
49 0.762139
50 0.748207
51 0.787271
52 0.809769
53 0.732937
54 0.81891
55 0.744472
56 0.81415
57 0.763182
58 0.709214
59 0.767231
60 0.729007
61 0.709455
62 0.801796
63 0.786891
64 0.776331
65 0.716101
66 0.751611
67 0.719678
68 0.749352
69 0.720948
70 0.802479
71 0.767998
72 0.776989
73 0.734828
74 0.753968
75 0.747973
76 0.731244
77 0.834444
78 0.834985
79 0.69541
80 0.756347
81 0.640441
82 0.666174
83 0.807566
84 0.734355
85 0.748347
86 0.746257
87 0.731938
88 0.779332
89 0.792331
90 0.790985
91 0.777684
92 0.76936
93 0.860653
94 0.813983
95 0.707535
96 0.763209
97 0.755344
98 0.725001
99 0.824355
100 0.717143
101 0.803683
102 0.801935
103 0.790069
104 0.745305
105 0.736044
106 0.733692
107 0.769577
108 0.752866
109 0.750756
110 0.778578
111 0.864889
112 0.847024
113 0.775118
114 0.702525
115 0.841004
116 0.605945
117 0.637557
118 0.694169
119 0.668788
120 0.68172
121 0.82104
122 0.764323
123 0.690025
124 0.712022
125 0.767635
126 0.743952
127 0.760228
128 0.747105
129 0.758875
130 0.79144
131 0.699404
132 0.743537
133 0.791807
134 0.722866
135 0.760166
136 0.79292
137 0.792417
138 0.822287
139 0.753317
140 0.766587
141 0.76554
142 0.799589
143 0.747194
144 0.774558
145 0.750642
146 0.729108
147 0.69169
148 0.667299
149 0.725644
150 0.793123
151 0.675425
152 0.751063
153 0.668797
154 0.729628
155 0.786759
156 0.637007
157 0.798576
158 0.791031
159 0.732806
160 0.762569
161 0.650003
162 0.860615
163 0.870762
164 0.796669
165 0.711304
166 0.841265
167 0.851816
168 0.745953
169 0.806196
170 0.68775
171 0.686801
172 0.783762
173 0.782088
174 0.80415
175 0.736514
176 0.767841
177 0.724295
178 0.683953
179 0.685336
180 0.8643
181 0.805063
182 0.732077
183 0.859067
184 0.642316
185 0.74667
186 0.677672
187 0.749973
188 0.675182
189 0.707292
190 0.719698
191 0.743761
192 0.667965
193 0.764198
194 0.716149
195 0.742915
196 0.803813
197 0.75137
198 0.742459
199 0.746791
200 0.761589
201 0.84228
202 0.78036
203 0.864008
204 0.827128
205 0.808515
206 0.739914
207 0.789153
