1 0.737072
2 0.827839
3 0.724304
4 0.844239
5 0.752959
6 0.804451
7 0.80707
8 0.796281
9 0.736558
10 0.75111
11 0.729259
12 0.829443
13 0.745953
14 0.742144
15 0.697
16 0.678507
17 0.644463
18 0.657533
19 0.794126
20 0.795172
21 0.718715
22 0.724739
23 0.829758
24 0.856655
25 0.761585
26 0.771441
27 0.796816
28 0.657001
29 0.706445
30 0.744637
31 0.791141
32 0.776177
33 0.781653
34 0.699628
35 0.783211
36 0.767842
37 0.806237
38 0.669952
39 0.808191
40 0.79609
41 0.798005
42 0.751611
43 0.812062
44 0.707099
45 0.801351
46 0.806697
47 0.808067
48 0.824861
49 0.750642
50 0.748563
51 0.782765
52 0.810446
53 0.733694
54 0.783909
55 0.735905
56 0.840988
57 0.770334
58 0.72751
59 0.751501
60 0.705541
61 0.731072
62 0.832504
63 0.812611
64 0.776646
65 0.738775
66 0.779106
67 0.698422
68 0.759485
69 0.712953
70 0.775677
71 0.777854
72 0.74244
73 0.743918
74 0.768449
75 0.704393
76 0.728662
77 0.79682
78 0.807129
79 0.727914
80 0.716902
81 0.637277
82 0.661216
83 0.82901
84 0.730994
85 0.740932
86 0.739732
87 0.691117
88 0.749873
89 0.76583
90 0.777879
91 0.782172
92 0.760488
93 0.873426
94 0.813593
95 0.704537
96 0.81126
97 0.76268
98 0.71149
99 0.77573
100 0.705539
101 0.775327
102 0.746172
103 0.768322
104 0.746317
105 0.719374
106 0.704558
107 0.807262
108 0.753092
109 0.749511
110 0.803221
111 0.814894
112 0.85707
113 0.761941
114 0.687722
115 0.820565
116 0.619925
117 0.651444
118 0.673895
119 0.644429
120 0.662583
121 0.819383
122 0.781454
123 0.693064
124 0.695409
125 0.736703
126 0.759363
127 0.770613
128 0.717634
129 0.789047
130 0.805843
131 0.719369
132 0.719565
133 0.803532
134 0.746766
135 0.712526
136 0.800935
137 0.783769
138 0.776168
139 0.748216
140 0.74684
141 0.772009
142 0.781847
143 0.769089
144 0.762336
145 0.761374
146 0.725703
147 0.689859
148 0.669129
149 0.737227
150 0.788421
151 0.684958
152 0.75931
153 0.653997
154 0.722197
155 0.775448
156 0.660505
157 0.7778
158 0.787438
159 0.714849
160 0.741052
161 0.64035
162 0.867656
163 0.835096
164 0.843318
165 0.730557
166 0.839829
167 0.860802
168 0.751224
169 0.795669
170 0.675177
171 0.704448
172 0.79326
173 0.764818
174 0.788198
175 0.709224
176 0.763203
177 0.742975
178 0.687531
179 0.666119
180 0.828346
181 0.849428
182 0.759741
183 0.850146
184 0.639445
185 0.736804
186 0.675676
187 0.735882
188 0.659964
189 0.692864
190 0.714274
191 0.750948
192 0.692079
193 0.73265
194 0.741281
195 0.731199
196 0.825031
197 0.762907
198 0.760438
199 0.725157
200 0.766174
201 0.785423
202 0.775966
203 0.870149
204 0.835417
205 0.822371
206 0.759145
207 0.784516
