1 0.723218
2 0.660732
3 0.703734
4 0.777653
5 0.713895
6 0.695079
7 0.71564
8 0.730347
9 0.655649
10 0.752541
11 0.71589
12 0.694358
13 0.63025
14 0.697816
15 0.665623
16 0.779213
17 0.795983
18 0.736568
19 0.745445
20 0.790855
21 0.679541
22 0.726715
23 0.726683
24 0.678478
25 0.710272
26 0.625468
27 0.77349
28 0.701715
29 0.605584
30 0.701679
31 0.712516
32 0.696843
33 0.815326
34 0.719518
35 0.695304
36 0.763174
37 0.710187
38 0.753474
39 0.713796
40 0.763271
41 0.700597
42 0.737126
43 0.624656
44 0.700477
45 0.699292
46 0.745942
47 0.730861
48 0.698287
49 0.718758
50 0.761464
51 0.740757
52 0.693772
53 0.805422
54 0.805422
55 0.626992
56 0.693346
57 0.721323
58 0.760541
59 0.608672
60 0.699686
61 0.71159
62 0.6581
63 0.794125
64 0.707674
65 0.698112
66 0.693221
67 0.686735
68 0.720169
69 0.73258
70 0.774597
71 0.662456
72 0.678566
73 0.713039
