1 0.763117
2 0.80561
3 0.763148
4 0.756223
5 0.701659
6 0.608122
7 0.758808
8 0.82586
9 0.850197
10 0.732532
11 0.772576
12 0.728314
13 0.717966
14 0.564402
15 0.492044
16 0.818981
17 0.477507
18 0.741003
19 0.822734
20 0.752171
21 0.808748
22 0.809617
23 0.817977
24 0.808412
25 0.822868
26 0.789297
27 0.795877
28 0.771997
29 0.804403
30 0.732687
31 0.810147
32 0.808607
33 0.809901
34 0.758647
35 0.705093
36 0.691068
37 0.785293
38 0.736861
39 0.781365
40 0.709718
41 0.800943
42 0.764355
43 0.797278
44 0.743078
45 0.76641
46 0.78059
47 0.862525
48 0.837723
49 0.779025
50 0.678505
51 0.814458
52 0.747215
53 0.829726
54 0.720181
55 0.779776
56 0.764268
57 0.796234
58 0.720381
59 0.71104
60 0.817212
61 0.779024
62 0.725101
63 0.725743
64 0.736619
65 0.815916
66 0.672708
67 0.701426
68 0.732128
69 0.74601
70 0.761424
71 0.770723
72 0.771317
73 0.744618
74 0.683229
75 0.667612
76 0.608319
77 0.740813
78 0.739602
79 0.841841
80 0.848272
81 0.784115
82 0.772316
83 0.772316
84 0.793597
85 0.721933
86 0.573954
87 0.758678
88 0.786423
89 0.706849
90 0.746256
91 0.756957
92 0.772662
93 0.743373
94 0.80769
95 0.771055
96 0.816307
97 0.77689
98 0.804756
