1 0.744576
2 0.786484
3 0.762427
4 0.775085
5 0.869849
6 0.744576
7 0.734455
8 0.747231
9 0.747231
10 0.860277
11 0.700622
12 0.86276
13 0.703484
14 0.711068
15 0.756377
16 0.85963
17 0.909254
18 0.705717
19 0.917208
20 0.719021
21 0.850614
22 0.865791
23 0.776037
24 0.798746
25 0.792863
26 0.729567
27 0.834009
28 0.820312
29 0.841488
30 0.788376
31 0.835754
32 0.801552
33 0.776936
34 0.789577
35 0.788231
36 0.80321
37 0.813084
38 0.820414
39 0.846071
40 0.838198
41 0.844069
42 0.858197
43 0.848463
44 0.846866
45 0.906139
46 0.83672
47 0.824083
48 0.870225
49 0.781461
50 0.795117
