1 0.818108
2 0.830284
3 0.769761
4 0.815484
5 0.687968
6 0.623365
7 0.862767
8 0.828737
9 0.835285
10 0.739112
11 0.830442
12 0.806278
13 0.809946
14 0.750436
15 0.594811
16 0.836456
17 0.651034
18 0.812531
19 0.774421
20 0.844685
21 0.864271
22 0.858218
23 0.832303
24 0.870994
25 0.825142
26 0.901887
27 0.881888
28 0.842335
29 0.798294
30 0.812844
31 0.808502
32 0.778645
33 0.79221
34 0.788247
35 0.713996
36 0.757901
37 0.862693
38 0.82795
39 0.828546
40 0.748122
41 0.846422
42 0.801206
43 0.731229
44 0.702716
45 0.807105
46 0.781959
47 0.832677
48 0.835771
49 0.773832
50 0.851197
51 0.841019
52 0.816975
53 0.824342
54 0.753777
55 0.790512
56 0.833926
57 0.801907
58 0.840396
59 0.798234
60 0.795293
61 0.842649
62 0.791515
63 0.765279
64 0.855552
65 0.82467
66 0.837152
67 0.757936
68 0.797074
69 0.81358
70 0.862393
71 0.842825
72 0.826768
73 0.808984
74 0.637783
75 0.673159
76 0.642525
77 0.840069
78 0.710684
79 0.829637
80 0.828561
81 0.829702
82 0.818223
83 0.818223
84 0.722123
85 0.685098
86 0.70872
87 0.806508
88 0.828072
89 0.823455
90 0.908677
91 0.857071
92 0.74803
93 0.752903
94 0.819461
95 0.769926
96 0.827197
97 0.830451
98 0.795673
