1 0.685265
2 0.797025
3 0.611058
4 0.762257
5 0.761287
6 0.748233
7 0.748062
8 0.755116
9 0.773521
10 0.747478
11 0.69857
12 0.738943
13 0.774203
14 0.795091
15 0.625798
16 0.599464
17 0.619181
18 0.583569
19 0.751341
20 0.700695
21 0.768578
22 0.640266
23 0.766814
24 0.788942
25 0.677238
26 0.719349
27 0.762063
28 0.715471
29 0.67061
30 0.713373
31 0.719872
32 0.697142
33 0.781542
34 0.673873
35 0.819631
36 0.80162
37 0.80279
38 0.719447
39 0.861654
40 0.821288
41 0.82995
42 0.725743
43 0.784251
44 0.700353
45 0.746653
46 0.79468
47 0.807091
48 0.800306
49 0.725541
50 0.761132
51 0.747399
52 0.735872
53 0.668756
54 0.704649
55 0.748175
56 0.795569
57 0.757151
58 0.729368
59 0.734279
60 0.722489
61 0.750026
62 0.822273
63 0.809404
64 0.746995
65 0.797147
66 0.762654
67 0.733548
68 0.818448
69 0.733281
70 0.790097
71 0.787948
72 0.697088
73 0.694138
74 0.743258
75 0.719802
76 0.733096
77 0.756025
78 0.714602
79 0.692933
80 0.653518
81 0.552117
82 0.633849
83 0.807652
84 0.736291
85 0.685513
86 0.689251
87 0.674386
88 0.76299
89 0.719481
90 0.729351
91 0.784147
92 0.784887
93 0.827935
94 0.712071
95 0.668597
96 0.821945
97 0.705675
98 0.661055
99 0.691347
100 0.728642
101 0.744414
102 0.732087
103 0.811407
104 0.726501
105 0.684071
106 0.72779
107 0.719579
108 0.762762
109 0.716623
110 0.783766
111 0.748796
112 0.770324
113 0.766177
114 0.747553
115 0.806974
116 0.649784
117 0.654718
118 0.66403
119 0.655051
120 0.642391
121 0.747775
122 0.726201
123 0.661602
124 0.72776
125 0.777882
126 0.75654
127 0.724994
128 0.689266
129 0.67959
130 0.752945
131 0.704853
132 0.71535
133 0.747473
134 0.764557
135 0.745032
136 0.734615
137 0.757902
138 0.767587
139 0.704754
140 0.729216
141 0.727571
142 0.754842
143 0.774874
144 0.7684
145 0.752091
146 0.766039
147 0.704005
148 0.687741
149 0.713726
150 0.773845
151 0.655624
152 0.713124
153 0.750892
154 0.817891
155 0.799253
156 0.584737
157 0.79388
158 0.785817
159 0.737662
160 0.772058
161 0.645746
162 0.797371
163 0.746914
164 0.82045
165 0.703435
166 0.82877
167 0.733547
168 0.742596
169 0.768567
170 0.645378
171 0.769293
172 0.787572
173 0.72159
174 0.732601
175 0.673161
176 0.700146
177 0.740145
178 0.640245
179 0.668704
180 0.751481
181 0.82997
182 0.707277
183 0.791966
184 0.635045
185 0.717595
186 0.657873
187 0.733968
188 0.647861
189 0.708791
190 0.713371
191 0.701741
192 0.670651
193 0.737745
194 0.640476
195 0.761526
196 0.823673
197 0.788748
198 0.771622
199 0.695472
200 0.766982
201 0.757919
202 0.762971
203 0.768858
204 0.802352
205 0.797864
206 0.751814
207 0.691341
