1 0.73721
2 0.789284
3 0.677286
4 0.826957
5 0.776194
6 0.800482
7 0.821661
8 0.787323
9 0.747067
10 0.74158
11 0.710819
12 0.759988
13 0.774192
14 0.775758
15 0.664222
16 0.645647
17 0.626279
18 0.654949
19 0.75177
20 0.765142
21 0.756266
22 0.706689
23 0.812428
24 0.796102
25 0.771356
26 0.739044
27 0.780298
28 0.681449
29 0.687977
30 0.704513
31 0.767471
32 0.673603
33 0.80552
34 0.715634
35 0.846267
36 0.809338
37 0.825204
38 0.725938
39 0.809252
40 0.804421
41 0.782422
42 0.742104
43 0.808395
44 0.675114
45 0.796919
46 0.779163
47 0.799172
48 0.828619
49 0.770777
50 0.77261
51 0.756355
52 0.788673
53 0.716754
54 0.735928
55 0.754327
56 0.854098
57 0.774984
58 0.770997
59 0.739555
60 0.690173
61 0.765437
62 0.827369
63 0.823047
64 0.741659
65 0.800246
66 0.783006
67 0.729509
68 0.79685
69 0.742036
70 0.798685
71 0.782468
72 0.728792
73 0.693197
74 0.767554
75 0.724352
76 0.769255
77 0.766198
78 0.750626
79 0.681815
80 0.678718
81 0.602696
82 0.618604
83 0.8051
84 0.745577
85 0.711765
86 0.738631
87 0.704798
88 0.766265
89 0.736834
90 0.754028
91 0.776209
92 0.783458
93 0.855257
94 0.753929
95 0.666799
96 0.822576
97 0.722956
98 0.692572
99 0.715984
100 0.785132
101 0.761575
102 0.710344
103 0.793142
104 0.709678
105 0.665496
106 0.731295
107 0.781303
108 0.77741
109 0.682966
110 0.810391
111 0.795044
112 0.806068
113 0.814161
114 0.714127
115 0.777504
116 0.597874
117 0.654321
118 0.685075
119 0.667208
120 0.632709
121 0.793181
122 0.716079
123 0.676954
124 0.71121
125 0.764316
126 0.767894
127 0.800742
128 0.701833
129 0.766942
130 0.729586
131 0.720821
132 0.693876
133 0.776501
134 0.759683
135 0.703473
136 0.783183
137 0.77571
138 0.779701
139 0.73932
140 0.730705
141 0.756619
142 0.752418
143 0.796964
144 0.742067
145 0.774322
146 0.746093
147 0.685561
148 0.695663
149 0.713804
150 0.798294
151 0.671563
152 0.744651
153 0.684047
154 0.770381
155 0.803115
156 0.616642
157 0.797548
158 0.816733
159 0.745048
160 0.772379
161 0.626544
162 0.833054
163 0.77914
164 0.859134
165 0.698096
166 0.8299
167 0.728888
168 0.750484
169 0.791128
170 0.635696
171 0.722412
172 0.789166
173 0.741139
174 0.754867
175 0.673712
176 0.726785
177 0.723366
178 0.660016
179 0.65175
180 0.795328
181 0.860727
182 0.751338
183 0.820305
184 0.631917
185 0.754836
186 0.659952
187 0.729853
188 0.670398
189 0.731029
190 0.729908
191 0.698529
192 0.631579
193 0.751049
194 0.689708
195 0.761866
196 0.807742
197 0.781097
198 0.776667
199 0.71934
200 0.761943
201 0.773622
202 0.793622
203 0.783207
204 0.846328
205 0.838059
206 0.777585
207 0.762436
