1 0.827336
2 0.903783
3 0.786135
4 0.827837
5 0.657773
6 0.590921
7 0.85045
8 0.892703
9 0.893413
10 0.777119
11 0.837656
12 0.779607
13 0.867837
14 0.603043
15 0.419261
16 0.91229
17 0.5151
18 0.798408
19 0.852781
20 0.886517
21 0.866282
22 0.889227
23 0.852062
24 0.940996
25 0.951333
26 0.92312
27 0.966027
28 0.939535
29 0.896111
30 0.76636
31 0.839754
32 0.876788
33 0.853203
34 0.874055
35 0.767346
36 0.749017
37 0.907286
38 0.808283
39 0.863151
40 0.743356
41 0.899154
42 0.797609
43 0.813808
44 0.779804
45 0.829438
46 0.810501
47 0.874012
48 0.918038
49 0.855791
50 0.765961
51 0.897848
52 0.788281
53 0.912308
54 0.743246
55 0.82713
56 0.820354
57 0.870921
58 0.799116
59 0.73284
60 0.861723
61 0.867711
62 0.784152
63 0.784888
64 0.817735
65 0.850677
66 0.902502
67 0.871512
68 0.830847
69 0.895344
70 0.823497
71 0.960476
72 0.905767
73 0.849907
74 0.632702
75 0.668142
76 0.582487
77 0.886891
78 0.738223
79 0.89893
80 0.869003
81 0.865705
82 0.825615
83 0.825615
84 0.776619
85 0.710709
86 0.563323
87 0.84108
88 0.860256
89 0.787145
90 0.957837
91 0.862155
92 0.830143
93 0.795804
94 0.934218
95 0.806397
96 0.937382
97 0.851501
98 0.798253
