1 0.727725
2 0.758236
3 0.773779
4 0.746263
5 0.845358
6 0.822251
7 0.804986
8 0.82744
9 0.723112
10 0.664427
11 0.767626
12 0.793826
13 0.604862
14 0.825095
15 0.77506
16 0.669827
17 0.736662
18 0.71958
19 0.763117
20 0.740759
21 0.732733
22 0.80432
23 0.76261
24 0.556416
25 0.731262
26 0.618398
27 0.785272
28 0.669103
29 0.672341
30 0.732323
31 0.70848
32 0.661439
33 0.778772
34 0.781534
35 0.786296
36 0.80308
37 0.766764
38 0.795783
39 0.746135
40 0.750785
41 0.833291
42 0.790392
43 0.580012
44 0.78307
45 0.792471
46 0.855246
47 0.820965
48 0.810151
49 0.820344
50 0.763147
51 0.827465
52 0.655953
53 0.714113
54 0.714113
55 0.651681
56 0.717829
57 0.723665
58 0.769264
59 0.544107
60 0.775821
61 0.764367
62 0.648797
63 0.796212
64 0.824233
65 0.769226
66 0.853966
67 0.699489
68 0.766219
69 0.753095
70 0.754559
71 0.678249
72 0.818276
73 0.743879
