1 0.797151
2 0.819102
3 0.705133
4 0.815698
5 0.766427
6 0.802049
7 0.789382
8 0.809046
9 0.771087
10 0.772751
11 0.681645
12 0.796422
13 0.7994
14 0.791147
15 0.726939
16 0.695144
17 0.710569
18 0.690592
19 0.835895
20 0.790846
21 0.705336
22 0.734739
23 0.802064
24 0.842712
25 0.773524
26 0.77298
27 0.811876
28 0.714024
29 0.697085
30 0.817915
31 0.821456
32 0.781624
33 0.805802
34 0.652288
35 0.724754
36 0.733172
37 0.754597
38 0.636916
39 0.785742
40 0.802058
41 0.85976
42 0.777965
43 0.827373
44 0.703634
45 0.804234
46 0.80046
47 0.780469
48 0.779874
49 0.785543
50 0.684704
51 0.790864
52 0.813404
53 0.664997
54 0.742179
55 0.710226
56 0.775582
57 0.771925
58 0.717342
59 0.756733
60 0.729032
61 0.783272
62 0.810259
63 0.800449
64 0.765612
65 0.745731
66 0.794677
67 0.716723
68 0.774001
69 0.706173
70 0.75805
71 0.794002
72 0.765988
73 0.70442
74 0.76357
75 0.74222
76 0.716762
77 0.774676
78 0.732859
79 0.728175
80 0.711405
81 0.652143
82 0.679137
83 0.830497
84 0.73749
85 0.739765
86 0.789583
87 0.701298
88 0.761941
89 0.752769
90 0.797716
91 0.765251
92 0.758536
93 0.856988
94 0.786885
95 0.724172
96 0.771736
97 0.771259
98 0.675523
99 0.73067
100 0.710804
101 0.7182
102 0.745755
103 0.745435
104 0.733096
105 0.677858
106 0.68708
107 0.805989
108 0.696005
109 0.743388
110 0.797056
111 0.798351
112 0.826483
113 0.752968
114 0.690344
115 0.842379
116 0.62529
117 0.654318
118 0.692895
119 0.626551
120 0.664529
121 0.825671
122 0.783668
123 0.735084
124 0.675615
125 0.707237
126 0.698045
127 0.704592
128 0.72889
129 0.783728
130 0.807106
131 0.697211
132 0.723607
133 0.796828
134 0.799505
135 0.751044
136 0.803354
137 0.818813
138 0.757447
139 0.729943
140 0.746215
141 0.750437
142 0.760227
143 0.810389
144 0.757471
145 0.780991
146 0.727574
147 0.719425
148 0.702147
149 0.727508
150 0.777189
151 0.745461
152 0.752715
153 0.670247
154 0.751611
155 0.730024
156 0.700719
157 0.771013
158 0.768745
159 0.715039
160 0.712587
161 0.657962
162 0.832808
163 0.766322
164 0.775116
165 0.729899
166 0.819742
167 0.784126
168 0.739151
169 0.722636
170 0.674796
171 0.719567
172 0.800319
173 0.795149
174 0.809242
175 0.759215
176 0.792415
177 0.746876
178 0.711702
179 0.732049
180 0.766223
181 0.774066
182 0.776437
183 0.797134
184 0.631902
185 0.715908
186 0.664707
187 0.714716
188 0.642981
189 0.709477
190 0.70556
191 0.752826
192 0.714099
193 0.731926
194 0.732165
195 0.704971
196 0.865695
197 0.766042
198 0.757559
199 0.703612
200 0.796763
201 0.789826
202 0.777552
203 0.778728
204 0.820137
205 0.827052
206 0.765842
207 0.765579
