1 0.853191
2 0.863855
3 0.857068
4 0.826095
5 0.811317
6 0.845928
7 0.91591
8 0.870757
9 0.829868
10 0.921277
11 0.811664
12 0.78771
13 0.817112
14 0.845998
15 0.831881
16 0.887875
17 0.864054
18 0.930917
19 0.834465
20 0.914297
21 0.921228
22 0.923836
23 0.811654
24 0.784476
25 0.756301
26 0.798335
27 0.877826
28 0.859352
29 0.887733
30 0.915011
31 0.917728
32 0.962879
33 0.884876
34 0.96278
35 0.8782
36 0.933739
37 0.88437
38 0.843825
39 0.949846
40 0.891305
41 0.958533
42 0.960046
43 0.922194
44 0.922551
45 0.922199
46 0.920467
47 0.918488
48 0.931058
49 0.937413
50 0.620344
51 0.889108
52 0.880837
53 0.923227
54 0.918991
