1 0.711109
2 0.708085
3 0.659465
4 0.712284
5 0.721388
6 0.711109
7 0.619429
8 0.695872
9 0.527767
10 0.72416
11 0.639636
12 0.727852
13 0.665586
14 0.652336
15 0.667217
16 0.685318
17 0.732385
18 0.74141
19 0.752964
20 0.648364
21 0.738437
22 0.739887
23 0.715889
24 0.6566
25 0.741277
26 0.649343
27 0.656747
28 0.678426
29 0.658777
30 0.582388
31 0.781663
32 0.724549
33 0.728212
34 0.772157
35 0.645092
36 0.632117
37 0.616024
38 0.666132
39 0.683444
40 0.695705
41 0.735569
42 0.717314
43 0.682432
44 0.729252
45 0.773408
46 0.71625
47 0.727769
48 0.727796
49 0.706697
50 0.692077
