1 0.73048
2 0.704813
3 0.620567
4 0.701576
5 0.728369
6 0.73048
7 0.638721
8 0.661765
9 0.534805
10 0.763451
11 0.629698
12 0.726614
13 0.683921
14 0.662057
15 0.644281
16 0.725612
17 0.773839
18 0.702884
19 0.742449
20 0.635275
21 0.742886
22 0.736683
23 0.713223
24 0.666732
25 0.723403
26 0.665109
27 0.635045
28 0.661117
29 0.660097
30 0.598123
31 0.816373
32 0.68815
33 0.733634
34 0.731186
35 0.679364
36 0.652628
37 0.639494
38 0.695563
39 0.697922
40 0.703228
41 0.744294
42 0.73468
43 0.681637
44 0.741359
45 0.787422
46 0.710659
47 0.744738
48 0.763723
49 0.715091
50 0.702222
