1 0.77695
2 0.80219
3 0.801803
4 0.824439
5 0.820365
6 0.869331
7 0.860409
8 0.804404
9 0.762537
10 0.780029
11 0.766035
12 0.858713
13 0.875662
14 0.835782
15 0.930546
16 0.814057
17 0.840298
18 0.890979
19 0.854777
20 0.73704
21 0.878223
22 0.822469
23 0.874264
24 0.82509
25 0.639323
26 0.756608
27 0.763099
28 0.815438
29 0.835711
30 0.847049
31 0.783256
32 0.714962
33 0.778505
34 0.743544
35 0.844383
36 0.790108
37 0.856889
38 0.784248
39 0.797468
40 0.859526
41 0.826211
42 0.783811
43 0.899714
44 0.789185
45 0.78393
46 0.750274
47 0.825118
48 0.815019
49 0.82959
50 0.738379
51 0.68014
52 0.836491
53 0.869522
54 0.850337
55 0.864887
56 0.876993
57 0.774754
58 0.781662
59 0.828861
60 0.856719
61 0.793061
62 0.856294
63 0.794163
64 0.935449
65 0.831513
66 0.864731
67 0.883275
68 0.915766
69 0.686619
70 0.713534
71 0.752399
72 0.853287
73 0.846358
