1 0.736399
2 0.741754
3 0.728348
4 0.708638
5 0.736121
6 0.676615
7 0.70666
8 0.77112
9 0.694784
10 0.658539
11 0.621167
12 0.722917
13 0.642104
14 0.760282
15 0.799322
16 0.625932
17 0.749556
18 0.727395
19 0.680262
20 0.647272
21 0.700609
22 0.73623
23 0.711789
24 0.634937
25 0.713105
26 0.699134
27 0.765478
28 0.683268
29 0.630879
30 0.66813
31 0.70932
32 0.690469
33 0.720585
34 0.708322
35 0.752723
36 0.723357
37 0.720792
38 0.691659
39 0.724493
40 0.682797
41 0.74883
42 0.72717
43 0.670482
44 0.745472
45 0.697489
46 0.747252
47 0.73644
48 0.733108
49 0.742608
50 0.679136
