1 0.711716
2 0.720137
3 0.688697
4 0.733301
5 0.756958
6 0.72618
7 0.75822
8 0.74903
9 0.738914
10 0.687678
11 0.62684
12 0.747093
13 0.709589
14 0.668512
15 0.66257
16 0.643726
17 0.59348
18 0.625182
19 0.681487
20 0.704524
21 0.813082
22 0.665309
23 0.752068
24 0.726985
25 0.685176
26 0.699575
27 0.727377
28 0.705837
29 0.704881
30 0.658565
31 0.710994
32 0.6882
33 0.73342
34 0.633055
35 0.737621
36 0.745692
37 0.742738
38 0.753867
39 0.789634
40 0.77374
41 0.800029
42 0.729576
43 0.714411
44 0.649197
45 0.75835
46 0.743225
47 0.768342
48 0.786943
49 0.781417
50 0.715077
51 0.698287
52 0.719627
53 0.729215
54 0.644388
55 0.662198
56 0.761231
57 0.705358
58 0.742644
59 0.694104
60 0.661721
61 0.695049
62 0.769263
63 0.766421
64 0.745545
65 0.765073
66 0.631917
67 0.645042
68 0.782244
69 0.663199
70 0.709
71 0.732249
72 0.698605
73 0.618104
74 0.654879
75 0.629977
76 0.659741
77 0.665546
78 0.647987
79 0.649912
80 0.576074
81 0.638703
82 0.586944
83 0.743649
84 0.675378
85 0.603371
86 0.692153
87 0.703368
88 0.781197
89 0.764336
90 0.697846
91 0.719936
92 0.678129
93 0.747624
94 0.63564
95 0.659933
96 0.728499
97 0.706596
98 0.628733
99 0.662284
100 0.730976
101 0.685741
102 0.719117
103 0.777626
104 0.693283
105 0.606763
106 0.644504
107 0.750995
108 0.610854
109 0.650384
110 0.691726
111 0.640577
112 0.664665
113 0.697634
114 0.736012
115 0.722245
116 0.596598
117 0.581547
118 0.741239
119 0.728748
120 0.664403
121 0.724015
122 0.694383
123 0.65052
124 0.68373
125 0.636133
126 0.67647
127 0.702958
128 0.62125
129 0.643994
130 0.737971
131 0.675695
132 0.632631
133 0.692011
134 0.779609
135 0.721641
136 0.650016
137 0.69416
138 0.609984
139 0.653748
140 0.61091
141 0.711716
142 0.720137
143 0.688697
144 0.733301
145 0.756958
146 0.72618
147 0.75822
148 0.74903
149 0.738914
150 0.687678
151 0.62684
152 0.747093
153 0.709589
154 0.668512
155 0.66257
156 0.643726
157 0.59348
158 0.625182
159 0.681487
160 0.704524
161 0.813082
162 0.665309
163 0.752068
164 0.726985
165 0.685176
166 0.699575
167 0.727377
168 0.705837
169 0.704881
170 0.658565
171 0.710994
172 0.6882
173 0.73342
174 0.633055
175 0.737621
176 0.745692
177 0.742738
178 0.753867
179 0.789634
180 0.77374
181 0.800029
182 0.729576
183 0.714411
184 0.649197
185 0.75835
186 0.743225
187 0.768342
188 0.786943
189 0.781417
190 0.715077
191 0.698287
192 0.719627
193 0.729215
194 0.644388
195 0.662198
196 0.761231
197 0.705358
198 0.742644
199 0.694104
200 0.661721
201 0.695049
202 0.769263
203 0.766421
204 0.745545
205 0.765073
206 0.631917
207 0.645042
