1 0.743444
2 0.729711
3 0.751343
4 0.730199
5 0.760199
6 0.72763
7 0.750888
8 0.7659
9 0.720446
10 0.726842
11 0.650148
12 0.751699
13 0.740878
14 0.698678
15 0.706193
16 0.672002
17 0.624323
18 0.675254
19 0.716328
20 0.74396
21 0.744361
22 0.722363
23 0.730852
24 0.751075
25 0.738598
26 0.705128
27 0.754619
28 0.692582
29 0.702387
30 0.687935
31 0.745166
32 0.699273
33 0.759177
34 0.687669
35 0.748209
36 0.748796
37 0.733635
38 0.697919
39 0.755565
40 0.765166
41 0.737103
42 0.762609
43 0.73833
44 0.686027
45 0.811845
46 0.739441
47 0.758273
48 0.771584
49 0.760591
50 0.705124
51 0.738488
52 0.745059
53 0.721717
54 0.668394
55 0.671576
56 0.754735
57 0.737377
58 0.720422
59 0.753953
60 0.720807
61 0.712651
62 0.764121
63 0.770267
64 0.748728
65 0.777964
66 0.629957
67 0.65219
68 0.761313
69 0.644759
70 0.726036
71 0.757559
72 0.725454
73 0.619111
74 0.688703
75 0.637401
76 0.6804
77 0.673178
78 0.667976
79 0.681009
80 0.627345
81 0.627534
82 0.652827
83 0.80165
84 0.693165
85 0.664314
86 0.694581
87 0.705094
88 0.751628
89 0.748711
90 0.729617
91 0.728634
92 0.664966
93 0.772814
94 0.719207
95 0.69019
96 0.72317
97 0.708328
98 0.649725
99 0.66777
100 0.740885
101 0.705838
102 0.73768
103 0.747742
104 0.692868
105 0.636896
106 0.656809
107 0.752461
108 0.634407
109 0.664354
110 0.707819
111 0.681787
112 0.706504
113 0.688283
114 0.709502
115 0.754161
116 0.589455
117 0.634547
118 0.724465
119 0.735066
120 0.688956
121 0.740841
122 0.736477
123 0.69726
124 0.675513
125 0.659176
126 0.689035
127 0.721823
128 0.65513
129 0.668182
130 0.775775
131 0.70467
132 0.68209
133 0.709773
134 0.766567
135 0.716389
136 0.70239
137 0.722835
138 0.623066
139 0.686765
140 0.632233
141 0.681985
142 0.636139
143 0.741952
144 0.790862
145 0.643324
146 0.728855
147 0.715927
148 0.705105
149 0.684942
150 0.715877
151 0.696831
152 0.756657
153 0.672737
154 0.74186
155 0.719233
156 0.640643
157 0.704216
158 0.724172
159 0.72487
160 0.758128
161 0.618493
162 0.764104
163 0.717889
164 0.762593
165 0.692831
166 0.766629
167 0.723163
168 0.614182
169 0.6243
170 0.672635
171 0.782115
172 0.76984
173 0.711494
174 0.722854
175 0.706527
176 0.716959
177 0.673465
178 0.665559
179 0.697844
180 0.716539
181 0.76871
182 0.734499
183 0.679804
184 0.661482
185 0.705143
186 0.66303
187 0.655937
188 0.61715
189 0.68582
190 0.655646
191 0.712757
192 0.668356
193 0.669319
194 0.688657
195 0.73983
196 0.831856
197 0.751874
198 0.732831
199 0.652881
200 0.718136
201 0.719664
202 0.744438
203 0.705005
204 0.725841
205 0.720187
206 0.658342
207 0.689556
